INSERT INTO tblteam
VALUES
('2023-03-07',1003,'Dr Md Rizaul Islam','Mo Abu Bakar Siddque',2017238042,2017238016,2017238028,2017238034,2017238042,2018238009,2018238028,2018238036,
 2018238095,2019238043,2019238052,2020238029,2020238043,2020238060,2021238002,2021238003,2021238019,2021238026,2021238039,2021238047,2021238053),

('2023-03-06',1007,'Dr Syed Shamsul Alam','Dr Md Mahbubul Alam',2017131034,2017131034,2017131049,2017131058,2018131019,2018131075,2018131088,	
2019121034,2019131100,2019131111,2019131119,2019131185,2019131195,2020131030,2020131037,2020131054,2020131082,2021131015,2021131045,2021131050,2021131063),

('2023-03-06',1013,'Dr GM Robiul Islam','Dr Iftekhar Ahmed',2017337016,2016337018,2017337016,2017337037,2017337044,2018337024,2018337027,2019337009,2019337020,2019337052,
2019337062,2019337064,2019337068,2020337004,2020337025,2020337037,2020337038,2021327017,2021337007,2021337027,2021337030),

('2023-03-06',1021,'Dr Md Farhad Reza','Mo Ashraf Hossain',2018336049,2017336025,2017336037,2017336045,2018336041,2018336045,2018336049,2018336051,	
2018336055,2018336058,2019336050,2019336063,2019336068,2019336071,2020336006,2020336011,2020336014,2020336027,2020336028,2020336030,2021336021),

('2023-03-07',1022,'Nazia Chawdhury','Anok Samaddar',2017132080,2016132057,2017132001,2017132024,2017132074,2017132080,2018132040,2018132063,	
2018132066,2019132071,2019132074,2019132087,2020132032,2020132047,2020132048,2020132068,2020132069,2021132005,2021132018,2021132039,2021132067),

('2023-03-02',1024,'Prof Dr Mo Ashraf Siddque','Mo Mahmud Hasan',2017237036,2017237036,2017237060,2018237023,2018237025,2018237027,2018237069,2018237072,	
2019237019,2019237024,2019237037,2019237039,2019237041,2019237050,2019237052,2019237065,2019237068,2020237018,2020237020,2020237067,2021237051),


('2023-03-05',1023,'Jayeda Sharmin','Md Emdadul Haque',2020225029,2017235015,2017235022,2017235029,2017235035,2018235030,2019235019,2019235020,2019235026,2019235035,	
2020225029,2020235002,2020235005,2020235010,2020235020,2020235023,2020235058,2020235083,2021235005,2021235016,2021235034),


('2023-03-06',1028,'Prof Dr Rahmat Ali','Dr Mirza Nazmul Hasan',2017134051,2017134037,2017134051,2017134073,2018134014,2018134028,2018134038,2018134042,	
2018134046,2018134047,2019134020,2019134033,2020134049,2020134051,2020134053,2020134088,2021134011,2021134017,2021134027,2021134060,2021134063);





